7.965387627788158564e-01 5.763856945980571078e-01
6.121968282479053336e-01 5.791658696496605474e-01
5.484427064941205243e-01 7.800444662644671068e-01
7.621711667667131485e-01 1.634173255605388952e-01
3.707821126229307040e-01 1.412478594787452968e-01
4.186268645457631443e-01 4.923039459467006829e-01
9.244574835737309204e-01 2.046783901190996069e-02
8.557465414856705310e-01 2.611908044779940319e-01
9.934925857018035433e-01 5.336848190787438773e-01
4.932758160788903723e-01 6.736491556556845062e-02
4.437631633682633803e-01 1.499303365688692269e-01
7.917884475662146926e-01 4.378389815315875122e-01
3.877423306546872173e-01 1.869068709432296638e-01
3.434473448230869197e-01 9.580783277529067998e-01
6.378299079177340847e-02 5.892903052745778192e-01
9.349006119595026920e-01 8.334149932974699304e-01
9.189811033608537016e-01 5.263715402854992620e-01
2.542339527588137749e-01 3.442926280121338944e-02
6.769608703315044274e-01 6.788486508585789281e-01
7.325934521888206596e-01 3.331956555962564126e-01
2.416264758710210403e-01 2.876512366239790675e-01
5.916137405555776940e-01 2.796910000271275454e-01
8.662538560600079318e-01 1.974566741210377341e-01
5.466992089648197162e-01 2.310497997205797072e-01
4.667716976202592738e-01 4.365589294840152013e-01
7.725024973905311176e-01 4.686344286198834697e-01
3.296753490382162699e-01 2.781486348445390000e-01
9.848886616350254197e-01 3.215742411248677657e-01
1.280964805922095717e-01 8.854588129329976631e-02
4.288606422908780580e-02 8.907019021698568961e-01
3.271534995271249135e-01 5.657290098081763086e-01
3.081664251224798257e-01 6.460643515188351227e-01
7.901644226801018966e-01 3.575157428694191175e-01
8.321845638251181843e-01 4.419911798589406526e-01
3.019682861291341780e-01 8.351207017040284120e-01
8.508070062271611000e-03 4.290385547488515527e-01
8.900884982079264596e-01 1.388177742565003259e-01
9.381599425374151924e-01 7.932184706639385796e-01
2.060904338961455640e-01 6.765028161223931580e-01
8.837531521717313376e-01 1.567438261039825198e-01
7.334283751130665774e-01 4.396613520810899178e-02
6.981864478554112852e-01 1.452710489788914261e-01
7.958255096487243385e-02 3.929865211967132899e-01
9.212399794873815662e-02 4.610197021267490314e-01
5.875321097117791602e-02 9.917073003794356634e-01
5.763707646754507863e-01 3.008868085193243669e-01
8.273134717635428625e-01 2.869753573296551785e-03
2.503932255646614813e-01 9.810422779058074472e-01
7.386278899639849849e-01 9.073306621626087143e-02
7.535014225166024593e-01 7.196188335173604456e-01
4.182111603485000328e-01 7.231511441204124813e-01
2.187165405773847660e-01 5.551622139303905579e-01
9.169583423515713649e-01 4.252982227167214635e-01
5.281288514321669236e-01 3.993390117421067309e-01
1.434834162856647444e-01 2.614184860933247423e-01
4.179168712571246225e-02 8.799653750204904368e-01
4.084589154274536060e-01 3.981208798801659787e-01
3.982176099455808638e-01 7.201506202627753206e-01
6.531406035709228508e-01 2.289706338700346899e-01
7.928306156210024325e-01 3.574910805118218793e-01
1.225150289056269326e-01 4.204352837988136748e-01
1.935546943980891443e-01 1.382997079015474418e-01
6.124141279684516270e-01 1.106658612035313904e-01
1.994582085931629889e-01 6.138279935287109801e-01
6.998559996684268203e-01 9.039876226042442564e-02
7.758049869565110113e-01 6.172159470463515207e-01
6.929337765726630849e-01 3.959243091638059431e-01
5.956067404884504146e-01 2.813006542768886620e-01
3.314400046825671797e-01 2.527538524782348972e-01
6.606157416308804375e-01 1.037835215647987530e-01
8.651097910149353476e-01 8.265313582811413262e-01
9.978481137037243931e-01 4.979343036685107693e-01
4.583157386676747214e-01 2.532570241424738633e-01
4.032324155238500296e-01 1.786985829818379390e-01
7.382325501121499434e-01 1.116930552641240970e-01
5.288105772881104283e-01 4.883136937286650658e-01
6.779383570247056179e-01 3.561031995985772802e-01
6.782943256800277876e-02 7.059885807415072767e-01
4.765232852290156584e-01 2.518097316289515941e-01
3.356333233058877985e-01 2.983867429740327815e-01
2.164069542777939947e-01 4.934434667394240748e-01
9.263529196940126775e-01 7.404953457476814993e-02
9.196597880268334579e-01 6.449211965572129168e-01
1.474195294769131692e-01 8.875046578647483031e-01
1.885476633882279263e-01 7.342422368408485500e-01
4.986302886168533233e-01 6.001308040144247569e-01
4.946156330632892617e-01 4.951068778601377396e-01
2.423114929038808762e-01 7.884770088945206590e-01
5.365048737544572122e-01 2.622360434653558947e-01
2.421400061744656274e-01 3.790454920783153936e-01
3.959946557252691512e-02 7.114476652115543365e-01
9.758829411290582678e-01 1.215152462663554589e-01
2.496330678567528771e-01 1.744202364725503385e-01
2.816176319890439927e-02 7.598157764448485452e-01
1.637646616773587027e-01 6.159149764945323069e-01
2.834928987266875922e-01 9.565240707432783873e-01
7.853956797253319744e-01 8.567073834830302159e-01
9.353059729386391519e-01 7.969304997151788195e-01
1.690302217565328169e-01 6.525263754546589690e-01
3.781003603463113372e-01 2.854316458254287925e-01
7.100590029149228544e-01 4.810088370638266886e-01
3.791806653481872846e-01 3.168209838750979390e-02
1.060023719507484641e-01 5.088339996816304556e-01
3.643354572215262710e-01 6.218969237549812901e-01
3.729188776355912838e-01 1.887106555173774236e-01
4.142345243681435640e-01 2.686421793223208176e-01
5.499507558092624482e-01 1.435615409144808119e-01
2.353479868630953264e-01 4.449699763141808928e-01
8.217189742757968762e-02 2.901976295527762817e-01
7.554184891502466748e-01 1.698474293325448192e-01
2.754688783054433099e-01 4.440970575542741994e-01
9.121690613476562959e-01 3.202304593910592079e-01
7.056960016055227047e-01 7.811222038832726922e-01
6.045463125796912696e-02 4.095933790711454581e-01
6.247142548798800821e-01 5.930567197036649141e-01
8.542309716539356890e-01 1.098830902169386503e-01
6.245681577873805068e-01 9.895516841137933506e-01
1.145137279457030255e-01 4.886259069817723288e-01
6.577638421236526867e-01 7.952558374726129697e-01
4.410240122027143661e-01 3.869472837936338561e-02
9.886399094929885223e-01 2.264905183832429669e-01
3.874255496271351573e-01 2.871838375236807073e-01
6.675704331147390702e-01 2.764071478976758423e-01
9.021670468122487963e-01 3.877693173083650580e-01
1.188776375642308647e-02 2.433326207711992151e-01
5.576183698453226478e-01 3.331163317877041674e-01
1.120297440421267332e-01 4.517619987485712585e-01
7.322344067379098487e-01 4.894069549184613122e-01
7.872413966191860180e-02 8.973446469364412259e-01
6.505211418139759116e-01 3.717625035704094083e-01
7.467880825886672458e-01 4.545351890008235696e-01
4.695042165504015319e-02 4.951422317178886257e-01
5.633044918187291028e-01 4.924561429730434092e-02
2.586581453587497581e-01 1.546525970655429072e-01
2.336510089592849226e-01 1.848086166098561467e-01
9.080039338989537301e-01 7.997944804120699080e-01
2.197866702757531598e-01 7.172934218471993528e-02
4.144238435685270172e-01 7.388947478118723655e-02
6.267870864677849152e-02 1.114151619711845065e-01
8.855201675604257305e-01 6.334239869651914212e-01
4.495856208188271363e-01 8.735797485792125006e-01
6.576776198081546454e-01 7.906088958437771375e-01
5.506840311400889032e-01 3.780374470716041380e-01
8.426157341317402905e-01 7.576542471906384524e-01
7.880104173884351360e-01 5.637515922592057915e-01
9.946677668332875033e-01 2.445660883066771429e-01
1.019129537026328691e-01 7.875446263404715097e-01
3.980234520774144080e-01 7.473159502534597598e-01
2.355819218346952848e-01 4.694923728267778040e-01
8.489647997313207739e-01 9.027599172935034666e-01
8.527121424107928505e-01 3.819037043997586256e-02
6.911851004844086210e-01 9.492754059828389934e-01
5.423622919279391663e-01 5.473722351544466624e-01
8.444659607467952522e-02 5.837812791371677079e-02
4.584854407806910892e-01 5.296416149389439054e-01
9.975052040290732780e-02 4.161638401279851296e-01
4.026300715167202560e-01 8.321414890805488573e-01
8.312416864527285565e-01 9.603916294756653649e-03
3.574573625023632628e-01 2.616875110060585818e-01
2.558354795246058355e-01 4.487676339567557848e-01
8.579060266652034361e-01 6.017387705566978884e-01
7.892674152586637293e-01 1.966322601229811839e-01
5.748900591362968715e-01 6.556689047449737462e-01
1.345146158011603088e-01 3.309529983330763425e-01
4.470396230281612482e-01 2.428732175748529176e-01
1.399386216655634785e-01 5.632507673427169514e-01
5.094666702599195407e-01 1.771810147702387317e-01
2.723707046266722331e-01 8.927998772807037575e-01
2.625446927743233516e-01 9.213926142404837982e-02
9.753322463402228637e-01 2.585209527073534241e-01
3.149606431943638984e-01 7.671386750562340096e-01
9.364793945431270084e-01 2.683698809397333518e-01
7.524732905065902866e-01 5.327188625491725560e-01
4.008126218898859783e-01 8.975656277648746961e-02
1.341018446199021552e-01 6.657581367849920717e-01
8.851955045781371156e-01 6.088781927229371949e-01
7.345170759149388662e-02 8.110915408771490753e-01
5.575113376097451390e-02 8.124232509100183242e-01
9.653868307421042960e-02 2.680394019601517464e-01
8.799452844664038542e-01 9.123465771839116556e-01
8.852786855706797908e-01 3.512879472231089650e-02
8.072747245035747365e-01 5.152083650762790956e-01
9.773413818103329209e-01 2.479482135758915851e-01
4.332827992331808042e-01 4.714370754133050401e-01
1.294430051226128642e-01 3.594268728405880520e-02
4.686859886384718843e-01 8.434168771546767251e-01
5.613882172731038400e-01 3.649126587018958201e-02
6.295063036503018017e-01 6.224891269085930379e-01
6.425697929194196245e-02 3.787671964459982110e-01
1.829585460398038821e-01 1.103979425033223549e-01
5.323035693628797027e-01 3.907978358802146612e-01
1.708766780210302372e-01 7.069417291165382977e-01
6.524045352327179081e-01 1.736129805383258562e-01
9.471248473704260151e-01 7.795471142593379810e-02
6.944688880023259792e-01 7.170677370794890093e-01
7.642432626361463921e-01 5.704050927936253901e-01
2.308819234300539813e-01 9.081804177102562603e-01
4.638415469493217813e-01 9.604274940452687259e-01
7.120416630812154146e-02 2.712041372317370858e-01
4.301695768792612729e-01 9.643388767462952593e-01
8.825981117205627946e-01 3.883369130846470174e-02
8.513590360008405078e-02 6.985672619431968489e-01
1.975574456213121666e-01 3.225909618826175995e-01
4.535495084894558548e-02 5.929003912263088871e-01
1.454820367928920666e-01 6.188594501579478546e-01
8.780978674761789060e-01 2.073356182330925446e-01
8.673131818320546360e-01 7.022194644682594467e-01
3.354155003960974657e-01 2.608728111201139566e-01
8.256420633713930091e-01 7.784305060914323837e-01
4.547596315503166231e-03 8.648194947191378823e-02
6.051002965687187762e-01 8.788679471191688242e-01
7.175173980136306806e-01 9.833757843992028125e-01
6.632070481468027578e-01 8.165701753803824570e-01
7.286948861278285117e-01 6.472964758106612981e-01
7.601335362285684960e-01 2.200123980496714315e-01
7.565237079970299483e-01 7.429604011700849941e-01
1.129744999165264163e-01 7.860837532965773145e-01
7.593787985995978929e-01 7.819480340749292990e-01
8.509369188031212783e-01 8.161780413878881868e-01
6.361658471710875951e-01 3.190725050034417531e-01
3.308574339795120611e-01 3.825772264167673908e-01
5.092015476223096249e-01 6.254563846873072430e-01
7.831097353682611173e-01 4.459688888291504227e-01
8.425890047314965603e-02 9.825871057712446399e-01
1.347255475485209519e-02 6.361541834002074625e-01
4.758324575803161149e-01 9.783218196681189305e-01
2.324968046699001922e-01 9.668625410883514570e-01
5.230096058092659206e-01 6.002340672517982867e-01
1.472103718112738324e-02 5.709626209473869229e-01
3.708480798218798391e-01 5.498533762913552225e-01
8.966509230225867544e-01 6.410180566727941009e-01
7.330740441006956543e-01 3.543350969967367092e-01
9.348124764054823732e-01 4.196492158670094286e-01
5.954842416013664819e-01 5.168733963575530277e-01
3.605962010030595577e-01 9.364340159560796684e-01
8.056305884406624873e-01 6.150856491040468388e-02
5.352491982062779208e-02 2.863984933978023228e-01
1.364730354294909631e-01 1.869437177860363564e-01
9.803997107395467925e-02 4.442274455537199573e-01
5.895410501690512284e-01 8.705580611503160871e-01
6.454716416728299988e-01 8.788178047040559049e-01
9.482511518997490674e-01 8.353075679241968032e-01
7.880529168661088990e-01 3.579989744134742802e-01
8.462698740371771278e-01 1.047503057881554733e-01
3.596275726102882153e-01 7.983760327631871379e-01
1.847093116134963520e-01 9.583631276157816847e-01
2.874488864686283174e-01 9.144333765916718981e-01
2.821079824660012170e-01 1.940443388226875676e-02
9.967557853438874238e-01 6.493808956597647564e-01
4.088143002844474294e-01 9.117552246152041961e-01
7.163923557719933388e-01 2.463751533907905245e-01
9.408202799616746104e-01 1.266278200238908358e-01
3.230079939032489689e-01 9.952228381334620178e-01
7.178931114854510964e-01 4.187198265252407570e-01
8.549673946432062577e-01 6.457790045668598822e-03
5.056132413708502860e-03 6.494052364893425633e-01
4.327398648131982606e-01 5.506827164872872826e-01
6.370737900654922514e-01 4.596455321229053759e-02
7.586333061470963424e-01 3.681299060442326798e-01
5.364403616932265084e-01 3.123281860734872240e-01
7.649580578026852207e-01 3.312011665693510576e-01
2.439938014522514687e-01 6.925786293170262953e-01
7.534781979187585854e-01 8.065131998983743333e-02
4.328031224037127700e-01 1.825963804061958573e-01
8.567725391426763704e-01 9.796897289322957780e-01
4.391178414976737443e-02 1.183942814361080842e-01
9.352544891560483631e-01 7.687040446203974309e-01
2.116870806043718023e-01 1.254634656301611972e-02
1.343791109691426788e-01 4.439287260438876670e-01
6.970908283197133626e-01 6.283747998877824426e-01
8.666435943338112180e-01 3.899192389685255389e-01
3.332639851369573192e-01 8.557725786843319860e-01
5.065793327051645312e-01 4.221417000165653688e-01
3.543103570792016654e-02 8.917763287145895612e-01
7.340222291586984138e-01 6.499495946677293912e-01
3.313807579730276842e-02 4.638342774265452606e-01
3.118148334582114822e-01 5.499099164095551107e-01
5.665702334178368549e-01 5.425855415921099212e-02
5.595382697458375354e-01 3.556131246286377001e-01
3.122222116445327877e-01 9.707943609281424191e-01
1.045644202466120554e-01 9.583671656026705454e-01
8.077568498419339660e-01 5.939437733401263797e-01
9.950035189363434229e-01 1.829929772607652438e-02
1.831010870214319075e-01 7.674679517049776134e-01
8.222852792622182827e-01 1.419302101372453828e-01
5.301606794012339030e-01 9.738170198497265728e-01
7.387989189515614674e-01 8.729547594178168612e-01
1.099927908485559547e-01 9.953181800731103479e-01
4.212790476157468600e-01 7.184634940255051339e-01
8.452448799155752868e-01 8.439853708138733701e-02
9.170743045445117758e-02 8.478891347500638886e-01
7.775882204934854158e-01 6.797007835672466136e-01
4.267483943327440299e-01 5.176107974545602897e-01
5.524440377983987904e-01 3.166875072945073422e-01
1.195122588822230547e-01 7.874891464541190489e-01
1.675850728989889404e-01 3.970694777384137231e-01
6.695926427145922899e-01 1.072658990107355770e-02
1.512823818760384853e-01 8.164216443008677215e-01
4.506855530697395640e-02 8.111489451389731764e-01
6.336943433364929934e-01 6.951008519021936172e-01
9.823223759905450603e-01 6.027942384577368307e-01
9.076116663175682886e-01 4.224276540281517445e-01
1.635960113751651068e-01 2.147113129388871222e-01
1.452899099880841094e-01 8.899852034537742984e-01
2.781003801157778677e-01 8.676564004804369068e-01
3.064681634361478002e-01 1.507123595683222961e-01
7.265457335044936960e-01 4.000761890105731799e-01
3.483161147596178786e-01 5.724581272970536983e-01
9.153443168090036330e-01 2.465366997729205867e-01
1.078064994125265130e-01 4.118208196050635594e-01
4.058473192007279184e-01 5.350707573737975009e-01
7.115940418267974188e-01 6.131248161473387137e-01
6.155582229766054514e-02 7.760525687122598049e-01
9.200731882388784033e-01 6.247685248896258647e-01
4.440387645312613429e-01 6.809379331377722888e-01
8.940946120379839046e-01 6.722737795720412635e-01
1.769197267056676903e-01 1.337818347152217591e-01
2.197680133185191398e-01 1.298316658991318651e-01
8.035926203898461351e-01 8.951554790678863949e-01
5.365039368699349165e-01 6.027503223574739444e-01
9.803990963164178618e-01 4.770910263846961374e-01
3.695486153248688233e-01 9.926454587191622103e-01
8.747596476201746629e-01 6.327342950374900132e-01
8.499122596927458639e-01 5.350402888671350610e-01
8.310416988160131968e-01 9.413368446154173341e-01
5.154913583018473355e-01 1.146685531648665712e-01
5.982137578476615092e-01 8.908478906520902463e-01
9.172841780922244004e-01 9.051811219181180590e-01
8.887874263821685661e-01 3.319716741685669881e-01
4.663286970581040913e-01 3.419438888479265914e-01
4.481004731970784638e-01 7.482781328687432287e-01
9.418685942540627742e-02 4.200559589365393531e-02
6.223111049715449594e-01 1.966501292844369253e-01
6.464797340070210785e-01 9.272659663308365774e-01
2.426269189443399643e-01 1.499928882245518125e-01
8.670286199197626553e-01 6.728215893440662176e-01
1.072137589389654533e-01 6.913144388257679296e-01
9.760647115331984036e-01 5.167707233212481821e-02
4.918385456266064493e-01 8.309338945956509237e-01
9.813629265267181934e-01 8.507063442375749629e-01
6.872082063103609473e-01 1.971714962103274793e-01
3.748540158788327137e-02 7.070061203636845981e-02
2.572345634878968612e-01 7.037469478949458512e-01
7.754219389628952408e-01 1.762869769980703882e-01
1.500998416364446308e-01 3.561580957665473335e-01
4.580113235084489753e-01 9.066892779474520214e-01
9.125499238225220910e-02 2.963549384316023216e-01
5.899440972876209832e-01 3.313626693798494838e-01
4.098682015547968627e-01 4.317139395335806151e-01
2.547493375894116507e-02 7.159965417622538020e-02
6.486352176447448548e-01 4.960775472230777305e-01
1.234851745516482024e-01 3.284328790789403651e-02
7.654989980448634324e-02 8.111597710072591116e-01
8.319614505093447798e-01 1.125214983322182505e-01
4.978994381164347782e-02 7.194601695880440406e-01
6.942206882391666056e-01 5.994475232835909662e-01
3.191565301736712934e-01 8.998328926788969895e-01
5.135644897256930186e-01 1.846208086639782309e-01
6.704595217149297293e-01 1.002443142524063191e-01
2.656264559504173395e-02 8.824440428113661250e-01
1.324391395706475683e-01 3.616707723386878293e-01
1.784744994955349551e-01 8.326961921432201041e-01
4.511332483233024826e-01 2.130389482940917567e-01
1.748214869702017227e-01 4.707361955992247493e-01
7.800151700497282015e-02 9.957148712096364207e-02
2.156380305210294779e-01 8.998589777581744720e-01
1.249331072862616132e-01 2.446260920284067941e-01
2.262347960704712557e-01 8.290816041956697857e-01
7.885758237523795566e-01 2.974173135900631815e-01
2.641699732442318593e-01 4.091280787202099534e-01
6.881595133286074750e-01 6.509342965537656678e-01
2.590226042127254935e-01 8.008959335227602283e-01
2.668701161252022835e-01 1.660147694365912141e-01
8.289505315825123066e-01 3.725272207823585591e-01
8.100275852888072503e-01 7.141762369363443552e-01
2.239393335475510227e-01 3.837411234839376295e-01
2.243052218114710561e-01 3.906338952652235186e-01
3.306368709987675958e-01 7.454141178328997919e-01
6.951389465842865434e-01 6.774029681619091470e-01
4.602703449246603462e-01 6.808154992602722944e-01
7.880095765163949162e-01 2.159016707312315653e-01
2.708246906936065956e-01 2.415220786844890499e-01
5.823514321248131065e-01 1.104298801056157187e-01
9.374669597202557325e-01 9.976567548167533106e-01
5.946939776089389396e-01 5.013383830222551962e-01
4.212465198174628611e-01 6.937556022056873273e-01
2.794496700187314442e-01 6.783914643928905530e-01
9.052213927495699197e-01 2.709465261851907725e-01
5.621033118392749772e-01 4.644266539376403768e-01
5.944439950450931542e-01 8.078723556168565523e-02
9.367560360553578436e-01 9.105213600816944863e-01
8.451566742068569171e-01 8.063312167820124721e-02
4.083464229182408589e-01 9.649503290604346528e-01
7.753795283075447520e-01 7.370504771967958391e-01
2.492144196744739970e-01 2.352808056321959995e-01
9.628252487746313815e-01 5.822624127065636479e-01
9.479117438721842426e-01 2.904836498340596096e-01
6.812705713815415676e-01 7.676840061376368762e-01
4.191235136523296934e-02 1.832934014920104548e-01
3.981328397208971914e-01 9.929635158644983806e-01
3.190332184134123672e-01 7.692245931207570830e-01
5.522753211128760276e-01 9.235676744074805544e-01
3.560866001778880685e-01 8.351698920644367030e-01
6.937078611298217456e-01 6.874530704531014447e-01
1.082610766897054155e-01 6.763113313987612063e-01
2.070719981865949411e-01 9.514579141616611446e-01
3.697894065445620493e-01 3.235850231115438014e-01
3.868854618521877509e-01 2.991353797757103639e-01
4.779170548702552646e-01 7.789256276526548284e-01
1.835259639173788537e-01 2.361992877146164016e-01
9.074725759139073977e-01 7.992830484236976840e-01
9.684490836374526346e-02 1.523341690942203730e-01
7.419621495538872846e-01 6.817681989962967037e-01
9.847227308217936237e-01 6.003974913092346988e-02
3.500725129861284035e-01 7.398115396554819645e-01
9.518836440172468993e-01 6.925336567738203941e-01
6.513557632671198583e-01 8.006804807864891238e-01
9.367224022215497881e-01 8.308376280049453166e-01
9.068661714204794277e-01 8.997671256023879183e-01
8.942937544596198940e-01 4.977697278123671687e-01
5.133258919475086612e-01 2.496756197516956099e-01
9.838882857543607141e-01 7.080259441528382602e-01
7.990388300001427524e-01 7.717693397960304624e-01
4.887759279482460917e-01 1.230337733982511672e-01
6.573169421348692421e-01 3.898249131858886329e-01
8.238694888125640547e-01 4.191047250641590782e-01
1.599450753962117222e-02 6.970648267940507958e-01
5.933204365178397222e-01 7.073516862914355219e-01
4.975186441598644649e-01 6.163919490761731179e-01
6.760478523076640656e-02 9.686860616134761459e-01
4.466983588363588886e-01 7.468279757680655884e-01
2.178559805181369269e-01 4.831417836493917539e-01
3.298289221388278625e-01 4.613758240704413094e-02
8.376425491769474707e-01 3.569257925702901124e-01
4.878208206430082461e-01 8.743846050054626673e-03
4.038219190194414221e-02 6.971422702927864146e-01
3.716701608471922880e-01 4.051820873714169213e-01
9.063186420617068695e-01 8.329488537291209749e-01
9.694995522271663280e-01 9.296363886759969608e-01
9.475760824368382185e-01 6.619287632630356244e-01
7.110598520939082068e-02 8.029319112485042709e-01
3.931878240811097491e-01 4.611000780738361282e-01
3.252840966255502453e-01 1.127946488821924831e-01
8.934334822360532335e-01 2.651004681034667687e-01
5.387752484685177645e-01 5.151820334553766090e-01
8.996725836973159529e-01 7.377733944495249441e-01
9.521689868694179770e-01 4.452856251021602985e-01
1.820434379494658694e-01 8.632620225834415351e-01
9.474976493426844337e-01 1.236355076642452477e-01
7.920062346488958571e-01 1.268034571064049487e-01
2.423436349539981327e-01 1.758664780822100093e-01
6.158955198092075367e-02 7.670204429428806314e-01
3.876676870699713451e-02 9.502518258597790757e-01
3.262163157349540210e-01 8.632467063332149859e-02
7.169599617076165554e-01 1.559771618405396687e-01
3.197639771240550211e-01 1.263700471133707426e-01
7.498017625095514394e-01 8.587815007093154707e-01
9.080272098530921543e-01 2.907018254997805196e-01
1.245608517445192520e-01 4.079700563819622650e-01
8.932972794122395754e-02 8.175653659153159225e-01
1.906373126093834358e-01 7.180451080993147661e-01
9.949503922410027901e-01 1.985686675057788397e-01
4.311444447942480718e-02 6.676814231371428487e-01
9.701458054202756198e-01 6.266723826999041069e-01
6.952204334514830997e-01 8.937722087506310142e-01
3.370803502731112289e-03 8.515340051755679873e-01
6.867167131099336519e-01 9.419334466711916098e-01
6.616166670027722185e-01 6.618370410753706690e-01
6.814177529544730438e-01 3.134656018670519684e-01
4.838123703674104270e-01 5.892823126061759176e-01
4.953116624559978920e-01 7.265110500290747897e-01
4.592865838953732460e-01 7.187853854544354881e-01
9.899877358411424133e-01 9.238230036797266953e-01
9.326854083874750456e-01 2.529580300562342954e-01
6.309038205429710056e-01 3.866502246836747148e-01
2.598618570814229534e-01 1.043642717799405650e-01
3.657070136627612600e-01 3.253138042405470109e-01
4.211389493558594932e-01 6.948723029822616581e-01
2.974012829119260237e-01 1.057155863161225451e-01
4.098444081251689797e-01 9.081778853777984217e-01
3.202312380759697596e-02 8.503481166082115239e-01
7.887330586891658779e-01 4.316591009570556192e-01
8.452918260916419957e-01 7.410667342215314646e-01
4.987717810165475107e-01 2.669177092343678614e-01
5.343875621608348281e-01 2.964127076064001498e-01
1.383700220747995369e-01 3.670638201550961988e-01
5.683069101905584564e-01 4.769434263061409496e-01
4.910466975701053283e-01 4.808634284319868168e-01
7.438924718167497785e-01 2.153954062258534030e-02
2.168807326174164718e-01 2.820113210899728440e-01
3.561410956717201426e-01 5.420850215475522260e-01
8.453197286809202016e-01 1.377927800720958329e-01
3.924828535491295955e-01 8.813816670845473489e-01
5.436760876413153643e-01 4.098591389782828553e-01
4.032259617729496703e-01 2.151662164433224556e-01
8.777696576803498685e-01 6.788678677447628207e-01
8.014098082353846575e-01 6.198099061065972526e-01
4.612080849273534344e-01 2.867090535515512961e-01
3.528957157769709863e-01 6.555927874131747268e-01
6.130781767251192171e-01 5.263017530930765853e-01
5.880256546362611081e-01 2.663726174657377044e-03
2.188833306464700312e-01 4.354764780378919120e-01
8.706395212729883815e-01 9.697417428275411089e-01
8.797406827423828179e-01 8.036821595549503705e-02
5.313645975318780357e-01 7.860346464766873043e-01
5.908149649805871650e-01 4.649023282699578097e-01
3.162237580790170366e-01 5.883883854630979071e-01
5.183938836806276651e-01 8.301673981011091774e-01
2.226762573675979962e-01 8.229117901542565283e-01
6.052279902938870748e-01 8.049981282564077079e-01
5.383517717234224120e-01 2.990797089159394906e-01
3.424082093988246589e-01 6.499952052485533649e-01
1.301290791387167411e-01 2.352560907620697694e-01
4.365287207746257891e-01 9.782571898995723325e-01
3.401837216210567005e-01 7.720071435910607072e-01
4.366729426698900962e-01 1.567824657541698752e-01
6.945639854701383120e-01 3.373503523828080830e-02
4.104143281045092850e-01 5.913023951191580529e-01
7.647107150793037711e-01 7.161246139968008295e-01
6.901056898678238349e-01 7.150131478616986724e-01
6.899339067459628883e-01 3.309984668766896565e-01
1.959576319477764894e-01 3.724154874308207575e-01
7.878023237732660888e-01 4.738302746289383416e-01
9.075776669397204177e-01 9.661071027927047306e-01
2.767539760509871716e-01 8.683646843421198858e-01
1.959932496367803312e-01 3.068938656568465095e-01
4.995168043772713062e-01 7.404996695212643365e-01
4.197922903959432350e-01 2.725062140510747799e-01
6.906941073330916669e-01 3.119090531665099642e-01
4.234091075285529859e-01 6.338737544503394439e-01
2.391688403180916023e-01 3.192462962287395678e-01
5.849007066155582635e-01 7.305904130809346420e-01
2.950145985581535957e-01 5.201483059482819860e-01
7.080469785498482160e-01 8.570055485261203199e-01
7.724977896804263722e-03 2.366507076452847302e-01
5.592165821958822169e-01 2.778662303993492122e-01
3.485526436601363853e-01 7.557408328040603473e-01
7.778640228670887780e-01 4.618020900262193029e-01
1.508465156649471117e-01 6.361224619991849849e-01
8.817142387545511273e-01 7.135716790718227287e-01
1.148153624883951895e-02 9.448478527348093126e-01
3.343381804348259934e-01 8.835525626618225825e-01
1.324113821682025849e-01 9.932461787070535619e-01
3.294539234369350256e-01 3.781240078183657483e-01
4.906973881963883066e-02 3.770423290423651208e-01
3.266599087711652416e-03 7.858376001898272900e-01
6.160145173186898360e-01 3.688088717065542976e-01
9.228397281287696874e-01 9.089951543877317075e-02
7.371701837363140442e-01 4.157519632210606719e-01
6.375431047235258220e-04 4.786830772550252355e-01
5.478860925343949084e-01 2.262121468653446321e-01
1.976752103095185120e-01 4.986699134828606050e-01
3.570363499522926087e-01 1.112561119992120373e-01
6.884068669187656253e-01 9.065372557254181007e-02
6.763183268266793613e-01 9.672614519400739574e-01
5.470792778781510268e-01 5.709607436598256314e-01
8.653904955330277149e-01 8.686630352962328994e-01
7.261392178839745082e-01 4.838679206612608308e-01
5.344497068141531582e-01 7.494518342973448544e-01
7.696288301141511745e-01 3.098127977986664394e-02
3.188821587297037130e-01 2.980877546009896850e-02
1.303605976301632774e-01 1.593279502502004119e-01
4.896564505648304255e-01 4.731953691286574504e-01
7.432671643181824050e-01 9.354123811137107225e-01
5.714751509605878743e-01 8.702906576513808057e-01
3.455851025234809581e-01 3.422630466657653470e-01
7.047490504433218117e-02 6.810276165001643012e-01
4.043960282388100458e-01 2.018125838979455411e-01
8.841384866199555326e-01 4.875132244655502323e-01
8.135694659958928598e-01 6.220267188970554084e-01
5.325627702661849261e-01 8.734720934972896034e-01
7.163660434841713220e-01 5.292473753033262174e-01
4.143664285872983299e-01 2.386945270795913787e-01
1.042251426943554549e-01 9.658965304195515911e-01
7.792781196005584832e-01 1.984091196130405299e-01
3.378191329072343096e-01 5.496240628521787963e-01
6.927367011120788565e-02 4.318723288523026449e-01
3.550318767878757331e-01 5.325422497981734393e-01
5.784257364875328156e-01 4.198042737755370846e-01
1.869912508531765827e-01 4.570043936902036252e-01
8.826334992758667619e-01 1.295529131223480679e-01
5.923570876745071212e-01 8.844492352457622442e-02
8.778808189653775074e-01 4.087627612921759246e-01
1.721023363109935866e-01 2.763615717466934019e-01
5.196591242455426141e-01 4.686682155145724948e-01
4.103020138501041192e-01 3.076026106316763764e-01
9.720789241327700836e-01 6.633740111787765903e-01
4.407931495933302690e-01 1.138253037481584684e-01
8.580527260124268807e-01 3.655072475648207808e-01
1.977275030617768881e-01 8.562839382629960916e-02
2.697005078742376050e-03 1.005166803201174019e-02
1.773998648756879293e-01 8.793575014243903976e-01
5.097643543688021861e-01 2.903911007160735469e-01
5.085742448428047791e-01 7.288103327150758926e-01
2.320612763798174383e-01 7.985538907878146908e-01
3.269500176593006513e-01 5.367374262646558147e-01
8.766361433348904830e-01 7.050178974083866068e-01
1.546811427221461699e-01 2.967666540125935004e-01
7.663398557149770918e-01 2.822227831474931614e-01
6.088379899489798630e-01 8.723626820886196676e-01
4.823090707591931592e-01 4.879643537168311118e-01
4.383347330194292679e-01 6.002877774335110272e-01
1.948641699713707931e-01 2.157522304639571953e-01
3.672520098514774345e-01 6.581153671359724067e-01
6.650348963244198108e-01 5.026316975325368919e-01
8.732177384803363474e-02 9.091805195623821056e-01
8.418661599537136109e-02 2.256133364756907067e-01
9.420077232029063774e-01 8.578286696945968126e-01
5.105151032359300789e-02 9.015706184449048255e-01
8.002495097933810531e-01 4.213034841382461426e-01
5.775657292530752551e-01 5.762409412163531641e-01
9.543888787414872565e-01 3.960354297292667525e-02
5.848566724014325757e-02 8.300569362860747979e-01
6.482049856017719769e-01 8.064268944328489841e-01
5.250276255810818471e-01 9.844790576628619228e-01
3.011037316894834559e-01 1.709840782925922120e-01
5.752682833478495183e-01 8.145628108412126256e-01
4.564603924268232360e-01 6.813339528835821168e-01
7.990612511454173728e-01 7.661991869743983719e-01
7.507469697080471072e-02 2.719280077398017470e-01
2.305766400216469059e-02 8.098567342986285889e-01
4.158295868805816919e-01 4.069926336148879109e-01
5.881070505851081487e-01 2.020893570458655031e-01
7.992819823368305654e-01 8.631936981215567739e-01
1.845837206499156835e-02 6.863018336547478393e-01
2.594284051652135936e-01 1.966464313919631390e-01
1.900743802001026994e-01 2.353563885030268699e-01
6.875418401917113842e-01 7.023455324149374679e-02
6.669110822491757240e-01 9.875843282038722082e-01
3.022000221442745493e-01 2.022139978997644638e-01
1.278901501415227182e-01 1.239743403678237321e-01
1.253707317261827381e-01 5.957775075472625526e-01
6.980095428978020378e-01 8.664222650470302378e-01
8.083986955652224804e-01 7.229838185610950596e-01
2.607033387687329729e-02 3.472324205557387744e-01
4.268041616802031868e-02 7.772250748760342054e-01
3.775027776696363579e-01 7.407803331091664667e-01
7.340224926070904043e-02 7.839566332079718203e-01
5.285433559708879736e-01 9.633599683078659659e-01
5.997413448456496710e-01 4.981409771404585740e-01
2.991282305297139343e-01 3.858460174605263804e-01
8.869771335328952011e-01 1.440493887065628087e-01
5.381150098200565557e-01 4.493915428686426905e-01
1.421009654642231279e-01 6.609887726056544732e-01
6.573268783214403221e-02 1.172985862136334267e-01
9.031769946688134043e-01 9.221204970476152285e-01
2.650647155978966829e-01 6.403191069103149058e-01
9.352272849925445941e-01 8.332075743502994625e-01
2.383212256554846364e-01 7.486751486096168140e-01
1.491752200863457611e-01 2.781140947886557857e-01
1.304639759057218962e-01 4.358690180877662357e-01
4.240796591712709951e-01 8.160622565881137103e-02
2.696386759194385752e-01 6.120614901246177464e-01
4.480313399906330485e-01 7.713889739604024021e-01
2.405617473186016930e-02 4.198404210473383191e-02
9.863016297830541346e-01 3.924365614344139663e-01
3.055878877068717303e-01 6.470797207102467752e-01
7.748531296949060510e-01 7.206664387804510019e-01
7.179439380837095985e-01 7.221499960592931977e-01
3.458104127010087625e-01 8.379650380881364935e-01
4.098515374919811105e-01 2.681727006047553985e-01
2.294709583797416297e-01 1.315270574138289739e-01
9.327539715155256372e-01 5.490790034534916986e-01
6.854148976151479555e-01 9.346882705254462298e-01
4.725402708119974537e-02 4.101183686034113318e-01
4.530350248549852576e-02 9.991697251442643868e-01
7.246484681646127024e-01 7.587490214399045252e-01
5.105046106452840737e-01 4.089947355215248770e-01
4.207560262134124596e-01 1.731045685569412296e-01
1.911262279817933507e-01 5.455307155031672295e-01
3.388336980608452897e-02 3.794554082707251030e-01
6.398477294673381444e-01 1.117638347907883301e-01
1.709224703193955586e-01 7.132238724369207583e-01
9.742987342043826215e-01 3.215293432558866682e-01
4.918252973660398597e-01 8.825376517677717692e-01
7.413795399319105250e-01 1.969278633380000532e-01
5.327701311327448508e-02 5.549699529703853162e-01
7.952058948971988395e-01 5.327329077300838600e-01
1.517363849615377402e-01 5.064304134400325896e-01
8.543020823598655999e-01 3.783996215375156069e-01
7.777806447768581544e-01 8.009211359871759583e-02
9.470434999934110865e-01 7.561496343996008118e-01
1.895445480798541027e-02 8.234336870677139153e-02
1.452123939523325413e-01 4.452189700994572119e-01
8.408170271256301120e-01 1.785409473879788766e-01
1.690769789009887170e-01 4.202510249854529700e-01
7.836855368123692989e-01 5.161601691632865530e-01
1.902461324297702872e-01 1.607544103820029990e-01
7.741019920020180134e-01 1.617182021079192067e-01
2.170003847394933461e-01 4.153800390785101770e-01
7.376028659827427170e-02 4.292122269818587910e-02
2.739009191153789491e-01 1.081695022153915664e-01
8.689669439646180438e-01 8.627639018170134566e-01
6.946045172367376619e-01 3.528411262881436805e-01
4.992623281045296402e-01 2.671201531078508662e-01
8.378368456770098893e-01 9.719152223113317612e-01
5.236719915421417237e-02 7.996174398781290549e-01
2.243668860793810449e-01 8.729713262201057589e-01
4.365558516113301479e-01 7.327545656847411770e-02
7.190187674101766735e-02 4.754810609066187910e-01
3.127750361461250073e-01 2.137664477799993135e-01
1.065415408511015682e-01 2.975832485189378041e-01
8.203835956775799021e-01 7.250964995246750311e-01
1.444394961170769598e-03 5.256864255427825539e-01
5.443557822105162813e-01 1.364475610831817898e-01
1.853196821924649740e-01 6.221862708437186917e-02
3.846108527831293422e-02 3.968788398581468702e-01
4.316419843242474963e-01 1.623319630701252070e-01
6.426844528814421587e-01 6.108557532307496984e-01
4.048080149232885505e-01 4.047112171047464457e-01
1.959584298114500633e-01 3.388260060002834528e-01
6.203555106808942288e-01 6.871361888234928106e-01
9.032043480138547409e-01 5.017857252758851638e-01
1.793271289825569825e-01 1.444535022339888952e-01
9.540986952327915604e-01 7.952010826844089220e-01
1.121774358251383941e-01 8.478864252903228760e-01
7.717131389594666935e-01 9.364374137692640376e-01
4.856776267711545580e-01 2.925456515670007418e-01
5.843266247884386644e-01 7.026319225671641133e-01
2.063541639607141542e-01 7.226324380267340475e-01
9.039932277928598436e-01 8.196769543750367371e-01
4.165021557747494718e-01 1.708460193609733224e-01
5.624024012644064374e-01 6.011941238043738700e-01
4.025629484167253525e-01 7.592812283180433441e-01
3.779683035408269998e-01 7.617070093377615869e-01
3.262741695140013443e-01 3.349561958242737170e-01
2.494698486218821509e-01 5.014358195487433889e-01
3.151514973894673499e-01 6.574028479299720562e-02
5.831421678467320069e-01 3.818477016361663257e-01
9.675608240125412873e-01 1.678177309377422155e-01
7.018603380534326197e-01 4.561028084292927387e-01
5.017632379186161007e-01 7.570154124962581443e-01
7.443769097221708542e-01 2.949693549076038979e-01
2.713181227318235411e-01 5.988396955815696865e-01
8.194237876435781498e-01 1.776320934209919544e-01
3.311882673526646004e-01 1.982959366214210872e-01
5.161564731099546055e-01 2.246999979438746298e-01
9.286482839085627994e-01 5.345454100058248947e-01
9.566773407658588635e-01 1.801668773997889827e-01
7.708044799032925942e-01 8.905832559380643110e-01
1.031139875785587190e-01 8.615825620593154932e-01
3.074427835424817790e-01 3.190433149992516482e-01
3.123115506017594134e-01 1.292958679610028971e-01
2.615769585068786762e-01 6.330249579583743236e-01
3.599155538625282702e-01 4.393963141001039352e-01
2.733999502221107214e-02 1.582775815519490425e-01
8.584639593842469107e-01 7.398375121888108863e-01
9.977928722586435484e-01 7.820583152218943956e-01
8.389037147452838017e-01 3.941630821875962143e-01
6.387973021562542986e-02 2.299158366072245885e-01
3.653918600792446236e-01 3.941651563653860713e-01
6.937938281468735147e-01 5.762322931093181166e-01
2.448261364174424415e-01 3.218150619063229190e-01
7.062046940000108464e-01 2.079098194874100525e-01
9.000555512439570860e-01 4.588777537545917218e-01
1.980831509744955810e-01 6.844774045147056230e-01
7.946471120481033434e-01 3.801910042921164967e-01
2.693533811757931051e-01 7.681916647901386730e-01
9.354317534409964940e-01 9.897865738616385967e-01
3.503938147350550425e-01 1.251163622181700186e-01
9.366325879014028022e-01 5.003491224793643610e-02
4.455001409265191281e-02 7.836225240202931985e-02
3.466442636848039438e-01 9.235548603233033615e-01
4.825165045538610809e-01 4.336011774850124789e-01
1.348118699985734192e-02 6.454752650427649785e-01
6.720950817283307677e-01 3.755576569696202904e-01
1.892790929666376964e-01 5.186702821469906244e-01
4.160380531962641903e-01 2.530999142425024440e-01
6.830580711811781169e-01 7.722897804222417228e-02
3.770614482974675719e-01 7.930313427065124321e-01
1.255527454436216050e-01 1.971232131797193698e-01
5.521491343271957009e-01 4.952834483731445303e-01
7.049653796498717151e-01 9.374076984481897190e-01
5.384283942682082102e-01 3.305582479565493115e-01
8.406376339832745126e-01 8.914447961155459454e-01
6.151388822924674926e-01 9.499663653597802959e-01
6.702333666984453542e-01 6.862293715323497523e-01
8.761446447543012050e-01 8.708118569463764169e-01
3.586126710858552613e-01 8.562203950158762122e-01
5.569642597598033484e-01 8.553197254776964131e-01
6.518154995742256874e-01 4.052217684009162824e-01
7.024420245836987542e-01 7.350975496129775744e-01
2.782856817306311736e-02 1.204072127478195142e-02
5.478829176912363152e-01 9.140715737065129298e-01
7.503969981893759966e-01 8.008296840537236783e-01
9.549145097395772552e-02 3.223559402634068594e-02
5.652362925290312923e-01 6.580367967955923492e-01
5.804891469128946602e-01 7.466937347237024847e-01
2.328230351982174540e-01 2.867148118164560833e-01
4.059863790772065828e-01 1.339055471523997731e-01
7.763661320662773591e-02 3.071804256559640400e-02
4.899982526074312394e-01 5.672345853729138243e-01
1.709368420478387662e-01 9.662229740579719728e-01
6.408429705785956276e-01 6.586740577787676409e-01
7.374356740000954646e-01 1.200160245958685756e-01
3.313798238943184149e-01 9.788353511086145264e-02
6.888231205837298532e-01 9.138327811249908894e-01
6.081478442215291214e-01 4.597886184442647739e-01
1.665448033450688259e-01 7.272124557316516080e-01
8.936411727507674874e-01 3.321910153742736460e-01
8.435114150519895659e-02 5.481991763996483247e-01
9.844615959684154261e-01 1.999467988203200708e-01
2.224325155237497631e-01 5.420382211457361876e-01
7.765331308838532287e-01 6.118899667055808234e-01
7.035642089227677198e-01 5.870761839219988953e-01
8.312898270864107486e-01 6.701355573362596241e-01
8.522821353744847173e-02 5.211984996376025636e-01
6.004078115824034168e-01 3.184298404839138730e-01
6.133424389223306461e-01 7.820003134472874873e-01
7.635965720348868446e-01 5.238269481480938294e-01
3.356626228442147752e-01 9.961397113331080799e-01
6.280435930976046022e-01 5.601583484016814385e-02
4.600565647906075251e-01 1.672419693084935544e-01
6.865071260118760232e-01 4.913614682835625302e-01
7.618267912909326700e-01 3.592752721022540729e-01
5.080559864584002217e-01 1.507618279111621051e-01
3.622928149722151048e-01 8.495624963163400656e-01
9.152494559796398033e-02 6.858312920497271481e-01
2.174858669481993800e-02 8.608867928829060379e-01
3.814699297270796041e-01 2.295260773693065248e-01
4.619227997312901346e-01 3.752569951438442519e-01
4.515878396941893635e-01 6.426804806023134198e-02
2.469575872487161927e-01 7.333449098926017040e-01
9.898416959591930242e-01 4.918159110973048254e-01
4.820289423702234233e-01 4.113725785715210970e-01
3.081688239145277119e-01 9.726091305733018944e-01
4.768627181114450941e-01 9.886885916506605865e-01
7.746873041959045914e-01 4.122180910724966285e-01
3.800961376368539035e-02 3.229060530917897687e-01
9.136288236162726228e-02 2.243689177061503059e-01
9.191387463046232220e-01 3.980622953838096612e-01
4.664501510460830058e-01 4.105659403063341983e-01
4.516429945663041901e-01 8.732680983841915046e-01
1.762335534392501790e-01 5.827277138857720473e-01
3.314251390363124328e-01 5.334436936534482365e-01
5.394053279142807522e-02 7.263822531854640108e-01
9.136789238643082678e-01 6.764067055656441951e-01
3.156925342566898607e-01 1.274152158250712041e-01
9.689274380970335221e-01 3.743989289315823310e-01
4.502412073969465078e-01 3.852426470321496099e-01
1.186693937680830535e-01 1.535758064114589594e-02
5.782156737137682523e-01 4.008579493196465782e-01
6.453814415927893178e-01 4.187631607043829085e-03
8.384941724985579548e-01 2.965426407392547370e-01
5.524514109341807089e-01 6.334662677517364227e-01
6.877556818189811683e-02 2.092376370307068578e-01
3.667368277298578283e-01 8.005655590980640390e-01
5.603120224991045006e-01 5.799943969626699669e-01
7.399175570931926238e-02 2.098195154499167270e-01
7.432790217146386658e-01 6.175513099309671849e-01
8.576905047737254373e-01 6.726631028309458804e-01
1.700976630603323603e-02 6.505329987184631513e-01
7.294108703687470774e-01 1.821631923369548822e-01
8.855686752641946935e-01 4.294883598162163585e-01
2.959998723423267197e-01 8.410864414390455401e-01
5.266735345552076009e-01 2.507423304937961284e-01
4.630052327269651435e-01 6.468196530338488071e-02
8.824090341266155324e-02 7.994531479676111330e-01
2.348848209848796165e-01 4.180555243139908450e-01
4.681031402892735782e-01 4.145720493559805764e-01
2.470885956165119746e-01 3.128459906331413354e-01
2.695902087847650286e-01 9.992974203124285193e-01
7.886756526046861948e-01 4.172094926803764370e-01
8.531963764786080207e-01 7.317698060359465462e-01
8.244857312024211904e-02 1.575573717923003381e-01
3.405081543181891490e-01 3.425420284924119985e-01
3.561827533302913684e-01 2.995115726933952338e-01
6.594881597769646220e-01 5.094013367885761312e-01
9.029181374996321230e-01 6.720049332991087088e-01
1.788980729761450172e-01 2.797128411506045742e-01
3.847797865358123515e-01 4.236431010525806284e-01
6.097164212061856325e-01 8.951153070643166343e-01
6.933834087753256714e-01 6.647435873023722630e-01
6.887531567614424421e-02 5.101888685674514923e-01
5.754039330334866920e-01 7.685032134154240469e-01
6.675122895726839367e-01 7.774740441662997270e-01
1.354811978836404363e-01 6.275026118913579198e-01
7.040504752103360353e-02 1.393205181099156365e-01
5.236514288805477202e-01 3.953116040112507612e-01
8.736183207158877417e-01 8.424984689028309770e-01
2.602761520632168590e-01 9.907255704266527685e-01
4.983289976833111812e-01 6.446936420661204536e-01
1.993965826121762985e-01 5.445196773536786772e-01
2.479675804342390544e-01 9.159146308902369471e-01
2.168345581100035169e-01 7.615807638947148517e-01
6.664062407233797281e-01 8.701129538209747549e-01
8.031255660210523395e-01 4.589376095238669739e-01
1.292323779210442503e-01 5.183635263128067994e-01
1.987864473910362362e-01 7.774413870021912309e-02
3.830319181099983705e-01 9.799453328943341646e-02
6.414608580692906514e-01 5.488881335275659357e-01
9.840977356447107027e-01 1.016583125509766816e-01
2.267899913757740471e-01 4.348334130113605811e-01
5.342193118994116308e-01 4.128718954171241018e-01
7.533122475855498212e-01 8.252403212392167564e-02
8.254032091941829741e-01 3.797344202179500083e-01
6.047050644036411349e-02 3.321121255112113868e-01
3.401100955420965910e-02 3.143041391263331485e-01
2.997177551157419462e-01 9.868322494401923217e-01
4.652193243874038764e-01 3.482950760892817854e-01
5.102126053020197283e-01 6.368016602410732085e-01
6.704225975392860137e-01 8.685212847553698268e-01
4.167189388745816681e-01 8.570594937658916335e-01
4.641745493450996074e-01 5.434857860385128303e-01
5.536739492747695390e-01 3.029092480094195405e-01
7.047876077153322205e-01 4.301078080231194312e-01
4.722101607509712196e-01 1.367102532523634117e-02
8.013330260306806840e-01 8.172368199800054134e-01
4.278583558063445702e-01 6.953860085257858037e-01
9.989965373428043582e-01 2.872439172630187887e-01
2.483363694654873166e-01 6.696886593624832296e-01
7.051239746957527199e-02 6.714544290523283276e-01
2.797526653632768090e-01 1.585552380179050536e-01
5.791829388211435781e-01 3.858861071096285622e-01
1.497141727516041465e-01 2.638410645631842355e-01
4.078592637206096549e-01 4.289145231799786906e-01
5.850422264595359634e-01 8.150358482959831896e-01
5.527048436716449631e-01 6.392973992890580437e-01
9.970219009776105645e-01 1.406194718062184768e-01
4.336117166526609612e-01 9.650072970891755419e-01
7.216770188719836554e-01 4.167601698884187966e-01
8.900405215959238392e-01 4.392046520613896998e-01
9.094285097062393408e-01 3.674776782343832648e-01
2.647357620336439066e-01 5.860004202832972409e-01
3.959358386429245868e-01 9.525834368392365192e-01
8.776574083941068860e-01 9.864783690095434432e-01
6.137756582747870837e-01 6.842899096757401045e-01
6.845870789823433888e-01 8.600418321870858529e-01
8.599282866383723967e-01 4.100676896229330515e-01
1.051012250647698210e-01 1.404054048852139136e-01
7.329186885630120107e-01 3.372150006022450741e-01
7.763438958178228155e-01 9.752465643042043109e-01
9.775108404711289056e-01 1.945650433609434904e-01
6.276988896554921427e-01 1.463357864730818747e-01
9.611124994530763077e-01 7.295952386061989037e-01
4.113930513785640786e-01 5.310943295804345654e-01
4.873709440096870571e-01 9.020264470034378146e-02
4.387659184982786176e-01 7.885332121679921036e-01
4.429191363201633314e-01 4.487460034260354336e-01
7.279739708466510528e-01 6.413288890910686657e-01
6.816171117550643421e-01 6.352951911303235111e-01
4.642545363126697744e-01 2.457011544744091003e-01
3.297218135006494411e-01 7.014538784927804027e-02
9.002526317986074833e-01 8.841423113038432424e-01
4.750169496199039276e-01 3.528798401663355566e-01
3.623660490102705856e-01 9.478005002163002457e-01
6.158287392795646076e-01 7.318986677300651778e-01
4.304992345637148610e-01 4.354574780323008376e-01
2.677988208186559138e-01 9.272206253914262453e-01
3.409549031945291464e-01 6.667620971022744092e-01
2.654387602653283107e-01 5.425944269400252429e-01
1.394569401619606408e-01 5.992460063021654015e-01
6.928606039654708892e-01 8.438643726695478353e-01
5.314920612961119284e-01 8.814782400988702138e-01
8.100527407115062362e-01 2.699046572643699626e-01
1.864906892165122398e-01 2.635458309384849374e-01
8.021302450842604514e-02 7.810126044748053609e-01
6.574475836763798986e-01 7.495231988654760258e-02
9.258878827558453262e-01 9.253326113882793802e-01
2.482534607604993671e-01 5.438354087859809116e-01
3.544405409404870477e-01 9.273246316455555638e-01
2.674813040152765886e-01 4.155169862787749802e-01
4.132307373901016323e-01 1.760552859843981244e-01
5.377913293932962135e-01 5.845866310802119159e-01
4.837568138177406052e-01 6.761313739219199093e-01
8.621685503405643880e-01 9.437204621000041538e-01
7.861542485789784207e-01 8.156565037164686949e-01
3.451851393719117533e-01 7.170331190379422015e-01
6.347309281694875072e-01 1.700545605451553310e-02
6.649025069481622197e-01 2.246580474475522449e-01
8.206772396653204682e-01 9.265394932727006871e-01
7.908717292649628527e-01 4.634351852124642956e-01
5.029229968826691710e-01 4.035706102946623464e-01
2.041103756453397366e-01 4.358480758542627731e-01
3.216380765513126017e-01 8.051411567114473700e-01
6.509988951248875111e-01 4.135374184878398696e-01
3.472709176692847510e-01 1.239749243744494578e-01
1.923680842545874015e-01 9.082492872984402332e-01
4.002014783526619546e-02 6.997554424903605907e-01
2.654146266379033836e-01 9.431154580685393585e-01
8.445315186619287706e-01 2.574930442001343023e-01
5.601999147529700407e-01 1.322248065824744856e-01
8.007972219117485135e-01 8.520554689750781119e-01
8.449154462659691500e-02 6.555297763789795784e-01
5.340479402804616527e-01 7.982081034069870018e-01
5.873603000264092655e-01 3.262171506902921125e-01
4.041843793370127891e-01 5.307062928451129480e-01
9.651459658285475030e-01 6.921860155078393140e-01
1.093551703523611973e-01 4.805576077693100023e-01
5.594927435866400289e-01 4.177369273959686824e-01
7.391758693896853805e-01 9.287566027539665425e-01
1.032525905219008333e-01 8.924712893259656443e-01
6.386350291483513519e-01 4.689281564356186927e-01
5.414375578678586320e-01 1.479125137036985116e-01
2.462368904984040263e-01 3.213432763643223611e-01
9.288245722417831640e-02 4.257994938096333337e-01
6.485057979946697859e-01 3.594710100712442680e-01
2.153321462419418575e-01 7.076922207500259132e-01
5.008847630665962392e-01 3.979578290226668535e-01
2.415150748373772194e-01 3.603735066503435114e-01
